log10(-249110200) = 2.000000
log10(2.000000) = 0.301030
