<!DOCTYPE html>
<html>
<head>
  <meta charset="utf-8">
  <title>実習課題8_4</title>
</head>
<body bgcolor="#000000" text="#FFFFFF" vlink="#00FF00" link="#99FFCC">


<h2>実習課題8_4</h2>
<hr>

<p>
<b>【九九の表】</b>
<p>
九九の値を計算し，それを一旦2次元配列に格納後，<br>
改めて別のループ処理で以下の実行結果例のように表全体を表示するプログラムを作成せよ．<br>
2次元配列を使用しなかった場合，<font color="FF0000"> 0 点</font>．<br>
なお，プロジェクト名は ex8_4 とし，ソースファイルの名前は ex8_4.c とする．<br>
<br>

 
<br><div class="result">
実行結果例：<br>
<hr style="height:1px">
<pre>
     1  2  3  4  5  6  7  8  9
 1   1  2  3  4  5  6  7  8  9
 2   2  4  6  8 10 12 14 16 18
 3   3  6  9 12 15 18 21 24 27
 4   4  8 12 16 20 24 28 32 36
 5   5 10 15 20 25 30 35 40 45
 6   6 12 18 24 30 36 42 48 54
 7   7 14 21 28 35 42 49 56 63
 8   8 16 24 32 40 48 56 64 72
 9   9 18 27 36 45 54 63 72 81
</pre>
<br>

</p>

<p>　</p>
<p>　</p>
<p>　</p>

</body>
